0 328
0 287
0 246
41 246
82 246
123 246
164 246
205 246
246 205
246 164
246 123
246 82
246 41
246 0
287 0
328 0
328 41
328 82
328 123
328 164
328 205
369 246
410 246
451 246
492 246
533 246
574 246
615 205
615 164
615 123
615 82
615 41
615 0
656 0
697 0
697 41
697 82
697 123
697 164
697 205
738 246
779 246
820 246
861 246
902 246
943 246
943 287
943 328
902 328
861 328
820 328
779 328
738 328
697 369
697 410
697 451
697 492
697 533
697 574
656 574
615 574
615 533
615 492
615 451
615 410
615 369
574 328
533 328
492 328
451 328
410 328
369 328
328 369
328 410
328 451
328 492
328 533
328 574
287 574
246 574
246 533
246 492
246 451
246 410
246 369
205 328
164 328
123 328
82 328
41 328

5 5

41 287
82 287
123 287
164 287
205 287

374 5

287 41
287 82
287 123
287 164
287 205

743 5

656 41
656 82
656 123
656 164
656 205

743 374

902 287
861 287
820 287
779 287
738 287

374 374

656 533
656 492
656 451
656 410
656 369

5 374

287 533
287 492
287 451
287 410
287 369